0 0.725846140022 0.691179571896 0.719995408658 0.73485365167 0.640699664675 0.680450982994 0.695366182268 1.63213304143 0.940407307131 0.945549063262 1.02022226567 1.22354741526 1.37320608231 1.67996969104 2.05288648733 2.06942344443 2.06310554791 2.10847484129 2.09627082372 2.75193060738 2.77087392018 2.97267998193 3.12318761881 4.26176497482 5.08163741305 6.31574338457 6.65213940171 28.9820135423 30.0289157684 30.1107346725 28.4620083367 28.3790068259 27.6721122502 27.5185657126 27.3208616761 27.8761843212 28.0801843211 26.8896718324 26.8882679324 32.9456356216 33.3390368224 33.3715142739 33.9165377047 34.3587252899 49.0660601943 38.2965931626 38.2435009462 38.2316254171 38.5606095335 43.8375873557 41.9203274881 42.4338087716 43.7523258696 41.1110929752 39.8001221094 31.1077368085 31.1223263417 47.6261953385 47.2804406847 47.3285632921 44.3608433917 44.3652965257 47.4579951198 47.1411575966 47.4897767411 47.3181385359 47.3287604154 47.62775271 62.1942572736 47.8018606091 47.5124035796 11.6287811848 11.7551765757 57.1317647108 56.9004137772 52.6222382251 56.78363468 53.839433026 56.5879323639 56.5434717194 54.0191482486 56.4942915037 54.1763939584 54.2083139483 56.1564986742 54.2404592303 56.2632082096 54.3006744166 55.6912640956 55.8724407235 55.4652742401 55.4662572281 55.3763978522 51.390406428 55.2698844733 55.2572048825 55.257196379 54.9340489021 55.0998245517 55.2347363999 51.3020236799 27.7626412766 54.0092015028 54.0100427846 53.7346210952 53.7501331979 53.6182999498 53.6486298353 53.279985032 53.1125272271 52.9145495248 50.1763335325 52.4746310725 52.439539738 50.2414874873 50.286519861 50.3076802418 50.3986963428 50.0171133641 50.4129026952 49.1883017758 50.4844166577 49.8904399256 52.0085786187 52.0007289162 51.6715958016 51.8730207272 51.7076349985 50.592254501 51.7245372878 49.842888247 7.71733847046 7.42947265708 48.346810582 48.29422594 47.8061762303 47.8018473183 47.8011940618 48.1882454666 48.1831938533 48.5902574828 1.79042799065 1.72151328224 1.40048704462 50.1734936773 1.3675126192 50.4562747788 0.931827547935 0.742090322779 6.86026308668 56.3664594325

0.725846140022 0 0.289152906918 0.318968743679 0.333826986691 0.239672999696 0.279424318015 0.294339517289 1.23110637645 0.538380642153 0.543522398284 0.61819560069 0.822520750278 0.971179417327 1.27794302606 1.65185982235 1.66839677945 1.66207888293 1.70744817632 1.69524415874 2.3499039424 2.3698472552 2.57165331695 2.72216095383 3.86073830984 4.67961074807 5.91471671959 6.25111273673 29.2009868773 30.2478891034 30.3297080075 28.6809816717 28.5979801609 27.8910855852 27.7375390476 27.5398350112 28.0941576563 28.2981576561 27.1086451674 27.1072412675 33.1636089566 33.5570101574 33.5894876089 34.1345110398 34.576698625 49.2840335293 38.5145664976 38.4614742812 38.4495987521 38.7785828685 44.0555606907 31.1583008232 42.6517821066 43.9702992046 30.3480663102 40.0180954444 30.7057101435 30.7202996767 47.8441686735 47.4984140197 47.5465366271 30.7138167267 30.7182698607 47.6759684548 47.3591309317 47.7077500762 47.5361118709 47.5467337504 47.8457260451 61.7922306086 48.0198339441 47.7303769146 11.8467545198 11.9731499107 56.7297380458 56.4983871122 52.8402115601 56.381608015 54.0574063611 56.1859056989 56.1414450544 54.2371215836 56.0922648388 54.3943672934 54.4262872833 55.7544720093 54.4584325653 55.8611815446 54.5186477517 55.2892374307 55.4704140585 55.0632475752 55.0642305632 54.9743711872 50.988379763 54.8678578084 54.8551782175 54.855169714 54.5320222371 54.6977978867 54.8327097349 50.8999970149 27.3606146116 53.6071748378 53.6080161196 53.3325944302 53.3481065329 53.2162732848 53.2466031703 52.877958367 52.7105005621 52.5125228598 49.7743068676 52.0726044075 52.037513073 49.8394608223 49.884493196 49.9056535768 49.9966696778 49.6150866991 50.0108760303 48.7862751108 50.0823899927 49.4884132606 51.6065519537 51.5987022512 51.2695691366 51.4709940622 51.3056083335 50.1902278361 51.3225106228 49.4408615821 7.57131180548 7.2834459921 47.944783917 47.8921992751 47.4041495654 47.3998206533 47.3991673968 47.7862188016 47.7811671883 48.1882308178 2.00840132567 1.93948661726 1.61946037964 49.7714670123 1.58648595422 50.0542481138 1.15080088296 0.9600636578 6.7142364217 55.9644327675

0.691179571896 0.289152906918 0 0.264302175554 0.278160418566 0.184006431571 0.22475774989 0.239672949164 1.17543980833 0.483714074027 0.488855830159 0.563529032564 0.766854182153 0.916512849202 1.22327645794 1.59619325423 1.61373021133 1.60741231481 1.65178160819 1.64057759061 2.29523737428 2.31418068707 2.51698674882 2.66649438571 3.80607174171 4.62494417995 5.85905015146 6.19544616861 29.1663203092 30.2132225353 30.2950414394 28.6463151036 28.5633135928 27.8564190171 27.7028724795 27.505168443 28.0594910881 28.263491088 27.0739785993 27.0725746993 33.1289423885 33.5223435893 33.5548210408 34.0998444716 34.5420320568 49.2493669612 38.4798999295 38.4268077131 38.414932184 38.7439163004 44.0208941226 31.103634255 42.6171155385 43.9356326365 30.2933997421 39.9834288763 30.6510435754 30.6656331086 47.8095021054 47.4637474516 47.511870059 30.6591501586 30.6636032926 47.6413018867 47.3244643635 47.673083508 47.5014453028 47.5120671823 47.8110594769 61.7375640405 47.985167376 47.6957103465 11.8120879517 11.9384833426 56.6750714777 56.4437205441 52.805544992 56.3269414469 54.0227397929 56.1312391308 56.0867784863 54.2024550155 56.0375982706 54.3597007253 54.3916207152 55.6998054411 54.4237659972 55.8065149765 54.4839811835 55.2345708625 55.4157474904 55.008581007 55.009563995 54.9197046191 50.9337131949 54.8131912402 54.8005116494 54.8005031459 54.477355669 54.6431313186 54.7780431668 50.8453304468 27.3059480435 53.5525082697 53.5533495514 53.2779278621 53.2934399648 53.1616067167 53.1919366022 52.8232917989 52.655833994 52.4578562917 49.7196402994 52.0179378394 51.9828465049 49.7847942542 49.8298266279 49.8509870087 49.9420031097 49.560420131 49.9562094621 48.7316085427 50.0277234246 49.4337466925 51.5518853856 51.5440356831 51.2149025684 51.4163274941 51.2509417654 50.1355612679 51.2678440547 49.3861950139 7.53664523736 7.24877942397 47.8901173489 47.8375327069 47.3494829972 47.3451540852 47.3445008287 47.7315522335 47.7265006202 48.1335642497 1.97373475755 1.90482004914 1.58479381152 49.7168004442 1.55181938609 49.9995815457 1.11613431483 0.925397089675 6.67956985357 55.9097661994

0.719995408658 0.318968743679 0.264302175554 0 0.268976255327 0.174822268332 0.214573586651 0.229488785925 1.16625564509 0.474529910788 0.47867166692 0.553344869325 0.757670018914 0.906328685963 1.2140922947 1.58700909099 1.60354604809 1.59722815157 1.64259744495 1.63039342737 2.28505321104 2.30499652383 2.50680258558 2.65731022247 3.79588757847 4.61476001671 5.84986598823 6.18626200537 29.1951361459 30.242038372 30.3238572762 28.6751309404 28.5921294295 27.8852348538 27.7316883163 27.5339842798 28.0883069249 28.2923069248 27.1027944361 27.1013905361 33.1577582252 33.5511594261 33.5836368775 34.1286603084 34.5708478936 49.2781827979 38.5087157663 38.4556235498 38.4437480207 38.7727321372 44.0497099593 31.0934500918 42.6459313752 43.9644484733 30.2832155788 40.012244713 30.6408594122 30.6554489454 47.8383179421 47.4925632883 47.5406858957 30.6489659953 30.6534191293 47.6701177234 47.3532802003 47.7018993448 47.5302611396 47.540883019 47.8398753137 61.7273798773 48.0139832128 47.7245261833 11.8409037885 11.9672991794 56.6648873144 56.4335363808 52.8343608287 56.3167572836 54.0515556297 56.1210549676 56.0765943231 54.2312708522 56.0274141074 54.388516562 54.420436552 55.6896212779 54.452581834 55.7963308132 54.5127970203 55.2243866993 55.4055633272 54.9983968438 54.9993798318 54.9095204558 50.9235290316 54.803007077 54.7903274862 54.7903189827 54.4671715058 54.6329471553 54.7678590036 50.8351462835 27.2957638802 53.5423241065 53.5431653882 53.2677436989 53.2832558015 53.1514225534 53.1817524389 52.8131076357 52.6456498308 52.4476721285 49.7094561362 52.0077536762 51.9726623416 49.7746100909 49.8196424647 49.8408028455 49.9318189464 49.5502359678 49.9460252989 48.7214243794 50.0175392614 49.4235625292 51.5417012224 51.5338515199 51.2047184052 51.4061433308 51.2407576021 50.1253771047 51.2576598915 49.3760108507 7.56546107412 7.27759526074 47.8799331857 47.8273485437 47.339298834 47.3349699219 47.3343166655 47.7213680703 47.716316457 48.1233800865 2.00255059431 1.9336358859 1.61360964828 49.706616281 1.58063522286 49.9893973824 1.14495015159 0.954212926436 6.70838569033 55.8995820361

0.73485365167 0.333826986691 0.278160418566 0.268976255327 0 0.169680511344 0.209431829663 0.224347028937 1.1611138881 0.4693881538 0.474529909932 0.549203112337 0.752528261926 0.901186928975 1.20895053771 1.581867334 1.5984042911 1.59208639458 1.63745568796 1.62525167039 2.28091145405 2.29985476684 2.5016608286 2.65216846548 3.79074582149 4.60961825972 5.84472423124 6.18112024838 29.2099943889 30.2568966151 30.3387155192 28.6899891834 28.6069876725 27.9000930968 27.7465465593 27.5488425228 28.1031651679 28.3071651678 27.1176526791 27.1162487791 33.1726164683 33.5660176691 33.5984951205 34.1435185514 34.5857061366 49.2930410409 38.5235740093 38.4704817929 38.4586062638 38.7875903802 44.0645682023 31.0893083348 42.6607896182 43.9793067163 30.2790738218 40.0271029561 30.6367176552 30.6513071884 47.8531761851 47.5074215314 47.5555441388 30.6448242383 30.6492773723 47.6849759664 47.3681384433 47.7167575878 47.5451193826 47.555741262 47.8547335567 61.7232381203 48.0288414558 47.7393844263 11.8557620315 11.9821574224 56.6607455575 56.4293946238 52.8492190717 56.3126155266 54.0664138727 56.1169132106 56.0724525661 54.2461290952 56.0232723504 54.403374805 54.435294795 55.6854795209 54.467440077 55.7921890562 54.5276552633 55.2202449423 55.4014215702 54.9942550868 54.9952380748 54.9053786988 50.9193872746 54.79886532 54.7861857292 54.7861772257 54.4630297488 54.6288053983 54.7637172466 50.8310045265 27.2916221232 53.5381823495 53.5390236312 53.2636019419 53.2791140445 53.1472807964 53.1776106819 52.8089658787 52.6415080738 52.4435303715 49.7053143792 52.0036119192 51.9685205846 49.7704683339 49.8155007077 49.8366610885 49.9276771895 49.5460942108 49.9418835419 48.7172826224 50.0133975044 49.4194207722 51.5375594654 51.5297097629 51.2005766482 51.4020015739 51.2366158451 50.1212353477 51.2535181345 49.3718690937 7.58031931713 7.29245350375 47.8757914287 47.8232067867 47.335157077 47.3308281649 47.3301749085 47.7172263133 47.7121747 48.1192383295 2.01740883732 1.94849412891 1.62846789129 49.702474524 1.59549346587 49.9852556254 1.1598083946 0.969071169448 6.72324393335 55.8954402792

0.640699664675 0.239672999696 0.184006431571 0.174822268332 0.169680511344 0 0.0832778426682 0.0981930419418 1.03495990111 0.343234166805 0.348375922937 0.423049125342 0.626374274931 0.77503294198 1.08279655071 1.45571334701 1.4722503041 1.46593240759 1.51130170097 1.49909768339 2.15475746706 2.17370077985 2.3755068416 2.52601447848 3.66459183449 4.48346427273 5.71857024424 6.05496626139 29.115840402 30.1627426281 30.2445615322 28.5958351964 28.5128336855 27.8059391098 27.6523925723 27.4546885358 28.0090111809 28.2130111808 27.0234986921 27.0220947921 33.0784624813 33.4718636821 33.5043411335 34.0493645644 34.4915521496 38.1078870539 38.4294200223 38.3763278059 38.3644522768 38.6934363932 32.8794142153 30.9631543478 31.4756356312 32.7941527293 30.1529198348 39.9329489691 30.5105636682 30.5251532014 36.6690221981 36.3222675444 36.3703901518 30.5186702513 30.5231233853 36.4998219794 36.1829844563 36.5316036008 36.3599653956 36.3705872751 36.6695795697 61.5970841333 36.8436874688 36.5552304393 11.7616080445 11.8880034354 56.5345915705 56.3032406368 52.7550650847 56.1864615396 53.9722598857 55.9907592236 55.9462985791 54.1519751082 55.8971183634 54.309220818 54.341140808 55.5593255339 54.37328609 55.6660350692 54.4335012763 55.0940909553 55.2752675832 54.8681010998 54.8690840878 54.7792247118 50.7932332876 54.672711333 54.6600317422 54.6600232387 54.3368757618 54.5026514113 54.6375632596 50.7048505395 27.1654681362 53.4120283625 53.4128696442 53.1374479549 53.1529600575 53.0211268094 53.0514566949 52.6828118917 52.5153540868 52.3173763845 49.5791603922 51.8774579322 51.8423665976 49.6443143469 49.6893467207 49.7105071015 49.8015232025 49.4199402238 49.8157295549 48.5911286354 49.8872435174 49.2932667852 51.4114054784 51.4035557759 51.0744226612 51.2758475869 51.1104618581 49.9950813607 51.1273641475 49.2457151067 7.48616533014 7.19829951675 47.7496374417 47.6970527997 47.20900309 47.2046741779 47.2040209215 47.5910723263 47.586020713 47.9930843425 1.92325485033 1.85434014191 1.5343139043 49.576320537 1.50133947887 49.8591016384 1.06565440761 0.874917182453 6.62908994635 55.7692862922

0.680450982994 0.279424318015 0.22475774989 0.214573586651 0.209431829663 0.0832778426682 0 0.127944360261 1.06471121943 0.372985485125 0.377127241256 0.451800443662 0.65612559325 0.804784260299 1.11254786903 1.48546466533 1.50200162242 1.49568372591 1.54105301929 1.52884900171 2.18350878538 2.20345209817 2.40525815992 2.5557657968 3.69434315281 4.51321559105 5.74832156256 6.08471757971 29.1555917203 30.2024939464 30.2843128505 28.6355865147 28.5525850039 27.8456904282 27.6921438906 27.4944398541 28.0487624992 28.2527624991 27.0632500104 27.0618461104 33.1182137996 33.5116150004 33.5440924519 34.0891158827 34.5313034679 38.1366383723 38.4691713406 38.4160791242 38.4042035951 38.7331877115 32.9081655337 30.9919056661 31.5043869495 32.8229040476 30.1816711532 39.9727002874 30.5393149865 30.5539045197 36.6977735165 36.3510188627 36.3991414701 30.5474215697 30.5518747037 36.5285732977 36.2117357746 36.5603549191 36.3887167139 36.3993385934 36.698330888 61.6258354516 36.8724387871 36.5839817576 11.8013593628 11.9277547537 56.5633428888 56.3319919552 52.7948164031 56.215212858 54.012011204 56.0195105419 55.9750498974 54.1917264265 55.9258696817 54.3489721364 54.3808921263 55.5880768522 54.4130374083 55.6947863875 54.4732525946 55.1228422736 55.3040189015 54.8968524181 54.8978354061 54.8079760302 50.821984606 54.7014626513 54.6887830605 54.688774557 54.3656270801 54.5314027297 54.6663145779 50.7336018578 27.1942194546 53.4407796808 53.4416209625 53.1661992732 53.1817113758 53.0498781278 53.0802080133 52.71156321 52.5441054051 52.3461277028 49.6079117105 51.9062092505 51.871117916 49.6730656653 49.718098039 49.7392584198 49.8302745208 49.4486915421 49.8444808732 48.6198799538 49.9159948357 49.3220181036 51.4401567967 51.4323070942 51.1031739795 51.3045989052 51.1392131765 50.023832679 51.1561154658 49.274466425 7.52591664846 7.23805083507 47.77838876 47.725804118 47.2377544083 47.2334254963 47.2327722398 47.6198236446 47.6147720313 48.0218356608 1.96300616865 1.89409146023 1.57406522262 49.6050718553 1.54109079719 49.8878529568 1.10540572593 0.914668500772 6.66884126467 55.7980376105

0.695366182268 0.294339517289 0.239672949164 0.229488785925 0.224347028937 0.0981930419418 0.127944360261 0 1.0696264187 0.377900684398 0.38204244053 0.456715642935 0.661040792524 0.809699459573 1.11746306831 1.4903798646 1.5069168217 1.50059892518 1.54596821856 1.53376420098 2.18842398465 2.20836729744 2.41017335919 2.56068099608 3.69925835208 4.51813079032 5.75323676184 6.08963277898 29.1705069195 30.2174091457 30.2992280498 28.650501714 28.5675002031 27.8606056274 27.7070590899 27.5093550534 28.0636776985 28.2676776984 27.0781652097 27.0767613097 33.1331289989 33.5265301997 33.5590076511 34.104031082 34.5462186672 38.1415535715 38.4840865399 38.4309943235 38.4191187944 38.7481029108 32.9130807329 30.9968208654 31.5093021488 32.8278192469 30.1865863524 39.9876154866 30.5442301858 30.558819719 36.7026887157 36.355934062 36.4040566694 30.5523367689 30.5567899029 36.533488497 36.2166509739 36.5652701184 36.3936319132 36.4042537926 36.7032460873 61.6307506509 36.8773539864 36.5888969569 11.8162745621 11.942669953 56.568258088 56.3369071544 52.8097316023 56.2201280572 54.0269264033 56.0244257412 55.9799650967 54.2066416258 55.930784881 54.3638873356 54.3958073256 55.5929920515 54.4279526076 55.6997015868 54.4881677939 55.1277574729 55.3089341008 54.9017676174 54.9027506054 54.8128912294 50.8268998052 54.7063778506 54.6936982598 54.6936897563 54.3705422794 54.5363179289 54.6712297772 50.7385170571 27.1991346538 53.4456948801 53.4465361618 53.1711144725 53.1866265751 53.054793327 53.0851232125 52.7164784093 52.5490206044 52.3510429021 49.6128269098 51.9111244498 51.8760331152 49.6779808645 49.7230132383 49.7441736191 49.8351897201 49.4536067414 49.8493960725 48.624795153 49.920910035 49.3269333028 51.445071996 51.4372222935 51.1080891788 51.3095141045 51.1441283757 50.0287478783 51.1610306651 49.2793816243 7.54083184773 7.25296603435 47.7833039593 47.7307193173 47.2426696076 47.2383406955 47.2376874391 47.6247388439 47.6196872306 48.0267508601 1.97792136792 1.90900665951 1.58898042189 49.6099870546 1.55600599647 49.892768156 1.1203209252 0.929583700046 6.68375646394 55.8029528098

1.63213304143 1.23110637645 1.17543980833 1.16625564509 1.1611138881 1.03495990111 1.06471121943 1.0696264187 0 1.28066754356 1.26580929969 1.2914825021 1.32580765169 1.32646631874 1.24822992747 0.941146723764 0.957683680861 0.951365784344 0.996735077725 0.984531060148 1.64019084381 1.65913415661 1.86094021836 2.01144785524 3.15002521125 3.96889764948 5.204003621 5.54039963814 30.1072737787 31.1541760048 31.2359949089 29.5872685731 29.5042670623 28.7973724866 28.643825949 28.4461219126 29.0004445577 29.2044445576 28.0149320688 28.0135281689 34.069895858 34.4632970588 34.4957745103 35.0407979412 35.4829855264 37.5933204307 39.4208533991 39.3677611826 39.3558856535 39.6848697699 32.3648475921 30.4485877246 30.961069008 32.2795861061 29.6383532116 29.4593823458 29.9959970449 30.0105865781 36.1544555749 35.8077009211 35.8558235285 30.0041036281 30.0085567621 35.9852553562 35.6684178331 36.0170369776 35.8453987723 35.8560206518 36.1550129465 61.0825175101 36.3291208456 36.040663816 12.7530414212 12.8794368121 56.0200249472 55.7886740136 53.7464984615 55.6718949164 54.9636932625 55.4761926004 55.4317319558 55.143408485 55.3825517402 55.3006541948 55.3325741847 55.0447589107 55.3647194667 55.151468446 55.4249346531 54.5795243321 54.7607009599 54.3535344766 54.3545174646 54.2646580886 50.2786666644 54.1581447098 54.1454651189 54.1454566154 53.8223091385 53.9880847881 54.1229966364 50.1902839163 26.650901513 52.8974617393 52.898303021 52.6228813317 52.6383934343 52.5065601862 52.5368900717 52.1682452684 52.0007874635 51.8028097612 49.064593769 51.3628913089 51.3277999744 49.1297477237 49.1747800975 49.1959404782 49.2869565792 48.9053736005 49.3011629317 48.0765620122 49.3726768941 48.778700162 50.8968388552 50.8889891526 50.559856038 50.7612809636 50.5958952349 49.4805147375 50.6127975243 48.7311484835 8.47759870689 8.18973289351 47.2350708184 47.1824861765 46.6944364668 46.6901075547 46.6894542982 47.0765057031 47.0714540898 47.4785177192 2.91468822708 2.84577351867 2.52574728105 49.0617539137 2.49277285563 49.3445350152 2.05708778437 1.86635055921 7.62052332311 55.2547196689

0.940407307131 0.538380642153 0.483714074027 0.474529910788 0.4693881538 0.343234166805 0.372985485125 0.377900684398 1.28066754356 0 0.594083565393 0.668756767799 0.872081917387 1.02174058444 1.32850419317 1.70142098946 1.71795794656 1.71164005004 1.75700934342 1.74480532585 2.40046510951 2.41940842231 2.62121448406 2.77172212094 3.91029947695 4.73017191518 5.9642778867 6.30067390384 29.4155480444 30.4624502705 30.5442691746 28.8955428388 28.812541328 28.1056467523 27.9521002147 27.7543961783 28.3087188234 28.5127188233 27.3232063345 27.3218024346 33.3781701237 33.7715713245 33.804048776 34.3490722069 34.7912597921 38.3535946964 38.7291276648 38.6760354483 38.6641599192 38.9931440356 33.1251218578 31.2088619903 31.7213432737 33.0398603718 30.3986274773 40.2326566115 30.7562713106 30.7708608438 36.9147298406 36.5679751868 36.6160977942 30.7643778938 30.7688310278 36.7455296219 36.4286920988 36.7773112433 36.605673038 36.6162949175 36.9152872122 61.8427917758 37.0893951113 36.8009380817 12.0613156869 12.1877110778 56.7802992129 56.5489482793 53.0547727272 56.4321691821 54.2719675282 56.2364668661 56.1920062215 54.4516827507 56.1428260059 54.6089284605 54.6408484504 55.8050331764 54.6729937324 55.9117427117 54.7332089188 55.3397985978 55.5209752256 55.1138087423 55.1147917303 55.0249323543 51.0389409301 54.9184189755 54.9057393846 54.9057308811 54.5825834042 54.7483590538 54.8832709021 50.950558182 27.4111757787 53.657736005 53.6585772867 53.3831555974 53.3986677 53.2668344519 53.2971643374 52.9285195341 52.7610617292 52.5630840269 49.8248680347 52.1231655746 52.0880742401 49.8900219894 49.9350543632 49.9562147439 50.0472308449 49.6656478662 50.0614371974 48.8368362779 50.1329511598 49.5389744277 51.6571131209 51.6492634183 51.3201303037 51.5215552293 51.3561695006 50.2407890032 51.37307179 49.4914227492 7.78587297259 7.49800715921 47.9953450841 47.9427604422 47.4547107325 47.4503818204 47.4497285639 47.8367799688 47.8317283555 48.2387919849 2.22296249278 2.15404778437 1.83402154675 49.8220281794 1.80104712133 50.1048092809 1.36536205007 1.17462482491 6.92879758881 56.0149939346

0.945549063262 0.543522398284 0.488855830159 0.47867166692 0.474529909932 0.348375922937 0.377127241256 0.38204244053 1.26580929969 0.594083565393 0 0.65389852393 0.857223673519 1.00688234057 1.3136459493 1.6865627456 1.70409970269 1.69778180617 1.74215109956 1.73094708198 2.38560686564 2.40555017844 2.60735624019 2.75686387707 3.89644123308 4.71531367131 5.95041964283 6.28581565998 29.4206898005 30.4675920266 30.5494109308 28.900684595 28.8176830841 28.1107885084 27.9572419709 27.7595379344 28.3138605795 28.5178605794 27.3283480907 27.3269441907 33.3833118799 33.7767130807 33.8091905321 34.354213963 34.7964015482 38.3387364525 38.7342694209 38.6811772045 38.6693016754 38.9982857918 33.1102636139 31.1940037464 31.7064850298 33.0250021279 30.3837692334 40.2377983676 30.7414130668 30.7560026 36.8998715967 36.553116943 36.6012395503 30.7495196499 30.7539727839 36.730671378 36.4138338549 36.7624529994 36.5908147942 36.6014366736 36.9004289683 61.8279335319 37.0745368674 36.7860798379 12.0664574431 12.192852834 56.765440969 56.5340900354 53.0599144833 56.4173109382 54.2771092843 56.2216086222 56.1771479777 54.4568245068 56.127967762 54.6140702166 54.6459902066 55.7901749325 54.6781354886 55.8968844678 54.7383506749 55.3249403539 55.5061169818 55.0989504984 55.0999334864 55.0100741104 51.0240826862 54.9035607316 54.8908811408 54.8908726373 54.5677251604 54.7335008099 54.8684126582 50.9356999381 27.3963175348 53.6428777611 53.6437190428 53.3682973535 53.3838094561 53.251976208 53.2823060935 52.9136612903 52.7462034854 52.5482257831 49.8100097908 52.1083073308 52.0732159962 49.8751637455 49.9201961193 49.9413565001 50.032372601 49.6507896224 50.0465789535 48.821978034 50.118092916 49.5241161838 51.642254877 51.6344051745 51.3052720598 51.5066969855 51.3413112567 50.2259307593 51.3582135461 49.4765645053 7.79101472873 7.50314891534 47.9804868403 47.9279021983 47.4398524886 47.4355235765 47.4348703201 47.8219217249 47.8168701116 48.2239337411 2.22810424892 2.1591895405 1.83916330288 49.8071699356 1.80618887746 50.089951037 1.3705038062 1.17976658104 6.93393934494 56.0001356908

1.02022226567 0.61819560069 0.563529032564 0.553344869325 0.549203112337 0.423049125342 0.451800443662 0.456715642935 1.2914825021 0.668756767799 0.65389852393 0 0.881896875924 1.03155554297 1.33831915171 1.711235948 1.7287729051 1.72245500858 1.76782430196 1.75562028438 2.41028006805 2.43022338084 2.63202944259 2.78153707948 3.92111443548 4.73998687372 5.97509284524 6.31048886238 29.4953630029 30.5422652291 30.6240841332 28.9753577974 28.8923562865 28.1854617108 28.0319151733 27.8342111368 28.3885337819 28.5925337818 27.4030212931 27.4016173931 33.4579850823 33.8513862831 33.8838637345 34.4288871654 34.8710747506 38.3634096549 38.8089426233 38.7558504069 38.7439748778 39.0729589942 33.1349368163 31.2186769488 31.7311582322 33.0496753303 30.4084424358 40.31247157 30.7660862692 30.7806758024 36.9245447991 36.5777901454 36.6259127528 30.7741928523 30.7786459863 36.7553445804 36.4385070573 36.7871262018 36.6154879966 36.626109876 36.9251021707 61.8526067343 37.0992100698 36.8107530403 12.1411306455 12.2675260364 56.7901141715 56.5587632378 53.1345876857 56.4419841406 54.3517824867 56.2462818246 56.2018211801 54.5314977092 56.1526409644 54.688743419 54.720663409 55.8148481349 54.752808691 55.9215576702 54.8130238773 55.3496135563 55.5307901842 55.1236237008 55.1246066888 55.0347473128 51.0487558886 54.928233934 54.9155543432 54.9155458397 54.5923983628 54.7581740123 54.8930858606 50.9603731405 27.4209907372 53.6675509635 53.6683922452 53.3929705559 53.4084826585 53.2766494104 53.3069792959 52.9383344927 52.7708766878 52.5728989855 49.8346829932 52.1329805332 52.0978891986 49.8998369479 49.9448693217 49.9660297025 50.0570458035 49.6754628248 50.0712521559 48.8466512364 50.1427661184 49.5487893862 51.6669280794 51.6590783769 51.3299452622 51.5313701879 51.3659844591 50.2506039617 51.3828867485 49.5012377077 7.86568793113 7.57782211775 48.0051600427 47.9525754007 47.464525691 47.4601967789 47.4595435225 47.8465949273 47.841543314 48.2486069435 2.30277745132 2.23386274291 1.91383650529 49.831843138 1.88086207987 50.1146242394 1.4451770086 1.25443978345 7.00861254734 56.0248088932

1.22354741526 0.822520750278 0.766854182153 0.757670018914 0.752528261926 0.626374274931 0.65612559325 0.661040792524 1.32580765169 0.872081917387 0.857223673519 0.881896875924 0 1.06588069256 1.3736443013 1.74656109759 1.76309805469 1.75678015817 1.80214945155 1.78994543397 2.44560521764 2.46454853043 2.66635459218 2.81686222907 3.95543958507 4.77431202331 6.00941799482 6.34581401197 29.6986881525 30.7455903786 30.8274092828 29.1786829469 29.0956814361 28.3887868604 28.2352403229 28.0375362864 28.5918589315 28.7958589314 27.6063464427 27.6049425427 33.6613102318 34.0547114327 34.0871888841 34.632212315 35.0743999002 38.3987348045 39.0122677729 38.9591755564 38.9473000273 39.2762841438 33.1702619659 31.2540020984 31.7664833818 33.0850004799 30.4437675854 40.5157967196 30.8014114188 30.816000952 36.9598699487 36.6131152949 36.6612379023 30.8095180019 30.8139711359 36.79066973 36.4738322069 36.8224513514 36.6508131462 36.6614350256 36.9604273203 61.8879318839 37.1345352194 36.8460781898 12.3444557951 12.470851186 56.825439321 56.5940883874 53.3379128353 56.4773092902 54.5551076363 56.2816069742 56.2371463297 54.7348228588 56.187966114 54.8920685686 54.9239885586 55.8501732845 54.9561338406 55.9568828198 55.0163490269 55.3849387059 55.5661153338 55.1589488504 55.1599318384 55.0700724624 51.0840810382 54.9635590836 54.9508794928 54.9508709893 54.6277235124 54.7934991619 54.9284110102 50.9956982901 27.4563158868 53.7028761131 53.7037173948 53.4282957055 53.4438078081 53.31197456 53.3423044455 52.9736596423 52.8062018374 52.6082241351 49.8700081428 52.1683056828 52.1332143482 49.9351620975 49.9801944713 50.0013548521 50.092370953 49.7107879744 50.1065773055 48.881976386 50.178091268 49.5841145358 51.702253229 51.6944035265 51.3652704118 51.5666953374 51.4013096087 50.2859291113 51.4182118981 49.5365628573 8.06901308072 7.78114726734 48.0404851923 47.9879005503 47.4998508406 47.4955219285 47.4948686721 47.8819200769 47.8768684636 48.283932093 2.50610260091 2.4371878925 2.11716165488 49.8671682876 2.08418722946 50.149949389 1.64850215819 1.45776493303 7.21193769693 56.0601340427

1.37320608231 0.971179417327 0.916512849202 0.906328685963 0.901186928975 0.77503294198 0.804784260299 0.809699459573 1.32646631874 1.02174058444 1.00688234057 1.03155554297 1.06588069256 0 1.37430296834 1.74721976464 1.76375672173 1.75743882522 1.8028081186 1.79060410102 2.44526388469 2.46520719748 2.66701325923 2.81752089612 3.95609825212 4.77497069036 6.01007666187 6.34647267902 29.8483468196 30.8952490457 30.9770679498 29.328341614 29.2453401032 28.5384455275 28.3848989899 28.1871949535 28.7415175985 28.9455175984 27.7560051097 27.7546012097 33.8109688989 34.2043700997 34.2368475512 34.781870982 35.2240585673 38.3983934716 39.1619264399 39.1088342235 39.0969586944 39.4259428108 33.169920633 31.2536607655 31.7661420489 33.0846591469 30.4434262525 30.2644553867 30.8010700858 30.815659619 36.9595286158 36.612773962 36.6608965694 30.809176669 30.813629803 36.7903283971 36.4734908739 36.8221100184 36.6504718132 36.6610936927 36.9600859873 61.8875905509 37.1341938864 36.8457368569 12.4941144621 12.620509853 56.8250979881 56.5937470545 53.4875715024 56.4769679573 54.7047663033 56.2812656412 56.2368049967 54.8844815259 56.1876247811 55.0417272357 55.0736472256 55.8498319515 55.1057925076 55.9565414869 55.1660076939 55.384597373 55.5657740008 55.1586075174 55.1595905054 55.0697311295 51.0837397053 54.9632177506 54.9505381598 54.9505296563 54.6273821794 54.793157829 54.9280696772 50.9953569572 27.4559745539 53.7025347801 53.7033760619 53.4279543725 53.4434664752 53.3116332271 53.3419631126 52.9733183093 52.8058605044 52.6078828021 49.8696668098 52.1679643498 52.1328730153 49.9348207646 49.9798531383 50.0010135191 50.0920296201 49.7104466414 50.1062359725 48.8816350531 50.177749935 49.5837732029 51.701911896 51.6940621935 51.3649290789 51.5663540045 51.4009682758 50.2855877783 51.4178705651 49.5362215243 8.21767174777 7.93080593438 48.0401438593 47.9875592173 47.4995095077 47.4951805956 47.4945273391 47.8815787439 47.8765271306 48.2835907601 2.65576126796 2.58684655955 2.26682032193 49.8668269546 2.2338458965 50.1496080561 1.79816082524 1.60742360008 7.36059636398 56.0597927098

1.67996969104 1.27794302606 1.22327645794 1.2140922947 1.20895053771 1.08279655071 1.11254786903 1.11746306831 1.24822992747 1.32850419317 1.3136459493 1.33831915171 1.3736443013 1.37430296834 0 1.66898337337 1.68552033047 1.67920243395 1.72457172733 1.71236770976 2.36802749342 2.38697080621 2.58877686797 2.73928450485 3.87786186085 4.69773429909 5.93184027061 6.26823628775 30.1551104283 31.2020126544 31.2838315585 29.6351052227 29.5521037119 28.8452091362 28.6916625986 28.4939585622 29.0482812073 29.2522812072 28.0627687184 28.0613648185 34.1177325076 34.5111337084 34.5436111599 35.0886345908 35.530822176 38.3211570803 39.4686900487 39.4155978322 39.4037223031 39.7327064195 33.0926842417 31.1764243742 31.6889056576 33.0074227557 30.3661898612 30.1872189954 30.7238336945 30.7384232277 36.8822922245 36.5355375707 36.5836601781 30.7319402777 30.7363934117 36.7130920058 36.3962544827 36.7448736272 36.5732354219 36.5838573014 36.8828495961 61.8103541597 37.0569574952 36.7685004656 12.8008780709 12.9272734617 56.7478615968 56.5165106632 53.7943351111 56.399731566 55.0115299121 56.20402925 56.1595686055 55.1912451346 56.1103883898 55.3484908444 55.3804108344 55.7725955603 55.4125561163 55.8793050956 55.4727713027 55.3073609817 55.4885376095 55.0813711262 55.0823541142 54.9924947382 51.006503314 54.8859813594 54.8733017686 54.873293265 54.5501457881 54.7159214377 54.850833286 50.9181205659 27.3787381626 53.6252983889 53.6261396706 53.3507179813 53.3662300839 53.2343968358 53.2647267213 52.896081918 52.7286241132 52.5306464109 49.7924304186 52.0907279586 52.055636624 49.8575843733 49.9026167471 49.9237771278 50.0147932288 49.6332102501 50.0289995813 48.8043986618 50.1005135437 49.5065368116 51.6246755048 51.6168258023 51.2876926876 51.4891176132 51.3237318845 50.2083513871 51.3406341739 49.4589851331 8.5254353565 8.23756954312 47.962907468 47.9103228261 47.4222731164 47.4179442043 47.4172909478 47.8043423527 47.7992907394 48.2063543688 2.96252487669 2.89361016828 2.57358393066 49.7895905633 2.54060950524 50.0723716648 2.10492443397 1.91418720882 7.66835997271 55.9825563185

2.05288648733 1.65185982235 1.59619325423 1.58700909099 1.581867334 1.45571334701 1.48546466533 1.4903798646 0.941146723764 1.70142098946 1.6865627456 1.711235948 1.74656109759 1.74721976464 1.66898337337 0 0.764437126762 0.456119230245 0.701488523627 0.48528450605 0.968944289715 0.987887602508 1.18969366426 1.34020130114 2.47877865715 3.29765109539 4.5327570669 4.86915308405 30.5280272246 31.5749294507 31.6567483548 30.008022019 29.9250205082 29.2181259325 29.0645793949 28.8668753585 29.4211980036 29.6251980035 28.4356855147 28.4342816148 34.4906493039 34.8840505047 34.9165279562 35.4615513871 35.9037389723 36.9220738766 39.841606845 39.7885146285 39.7766390994 40.1056232158 31.693601038 29.7773411705 30.2898224539 31.608339552 28.9671066575 28.7881357917 29.3247504908 29.339340024 35.4832090208 35.136454367 35.1845769744 29.332857074 29.337310208 35.3140088021 34.997171279 35.3457904235 35.1741522182 35.1847740977 35.4837663924 60.411270956 35.6578742915 35.3694172619 13.1737948671 13.300190258 55.3487783931 55.1174274595 54.1672519074 55.0006483623 55.3844467084 54.8049460463 54.7604854017 55.5641619309 54.7113051861 55.7214076407 55.7533276306 54.3735123566 55.7854729126 54.4802218919 55.845688099 53.908277778 54.0894544058 53.6822879225 53.6832709105 53.5934115345 49.6074201103 53.4868981557 53.4742185648 53.4742100613 53.1510625844 53.316838234 53.4517500823 49.5190373622 25.9796549589 52.2262151852 52.2270564669 51.9516347776 51.9671468802 51.8353136321 51.8656435176 51.4969987143 51.3295409094 51.1315632072 48.3933472149 50.6916447548 50.6565534203 48.4585011696 48.5035335434 48.5246939241 48.6157100251 48.2341270464 48.6299163776 47.4053154581 48.70143034 48.1074536079 50.2255923011 50.2177425985 49.8886094839 50.0900344095 49.9246486808 48.8092681834 49.9415509702 48.0599019294 8.8983521528 8.61048633941 46.5638242643 46.5112396224 46.0231899127 46.0188610006 46.0182077441 46.405259149 46.4002075357 46.8072711651 3.33544167299 3.26652696457 2.94650072696 48.3905073596 2.91352630153 48.6732884611 2.47784123027 2.28710400511 8.04127676901 54.5834731148

2.06942344443 1.66839677945 1.61373021133 1.60354604809 1.5984042911 1.4722503041 1.50200162242 1.5069168217 0.957683680861 1.71795794656 1.70409970269 1.7287729051 1.76309805469 1.76375672173 1.68552033047 0.764437126762 0 0.774656187341 0.820025480723 0.807821463146 1.46248124681 1.4824245596 1.68423062136 1.83473825824 2.97331561425 3.79218805248 5.027294024 5.36369004114 30.5445641817 31.5914664078 31.6732853119 30.0245589761 29.9415574653 29.2346628896 29.081116352 28.8834123156 29.4377349607 29.6417349606 28.4522224718 28.4508185719 34.507186261 34.9005874618 34.9330649133 35.4780883442 35.9202759294 37.4156108337 39.8581438021 39.8050515856 39.7931760565 40.1221601729 32.1871379951 30.2708781276 30.783359411 32.1018765091 29.4606436146 29.2816727488 29.8182874479 29.8328769811 35.9767459779 35.6299913241 35.6781139315 29.8263940311 29.8308471651 35.8075457592 35.4907082361 35.8393273806 35.6676891753 35.6783110548 35.9773033495 60.9048079131 36.1514112486 35.862954219 13.1903318242 13.3167272151 55.8423153502 55.6109644166 54.1837888645 55.4941853194 55.4009836655 55.2984830034 55.2540223588 55.580698888 55.2048421432 55.7379445978 55.7698645877 54.8670493137 55.8020098697 54.973758849 55.8622250561 54.4018147351 54.5829913629 54.1758248796 54.1768078676 54.0869484916 50.1009570674 53.9804351128 53.9677555219 53.9677470184 53.6445995415 53.8103751911 53.9452870393 50.0125743193 26.473191916 52.7197521422 52.720593424 52.4451717347 52.4606838373 52.3288505892 52.3591804747 51.9905356714 51.8230778665 51.6251001642 48.886884172 51.1851817119 51.1500903774 48.9520381267 48.9970705004 49.0182308812 49.1092469822 48.7276640035 49.1234533347 47.8988524152 49.1949672971 48.600990565 50.7191292581 50.7112795556 50.382146441 50.5835713666 50.4181856379 49.3028051405 50.4350879273 48.5534388865 8.91488910989 8.62802329651 47.0573612214 47.0047765795 46.5167268698 46.5123979577 46.5117447012 46.898796106 46.8937444928 47.3008081222 3.35197863008 3.28306392167 2.96303768405 48.8840443167 2.93006325863 49.1668254182 2.49437818736 2.30364096221 8.0578137261 55.0770100719

2.06310554791 1.66207888293 1.60741231481 1.59722815157 1.59208639458 1.46593240759 1.49568372591 1.50059892518 0.951365784344 1.71164005004 1.69778180617 1.72245500858 1.75678015817 1.75743882522 1.67920243395 0.456119230245 0.774656187341 0 0.711707584206 0.499503566629 1.15416335029 1.17410666309 1.37591272484 1.52642036172 2.66499771773 3.48387015596 4.71897612748 5.05537214463 30.5382462852 31.5851485113 31.6669674154 30.0182410796 29.9352395688 29.2283449931 29.0747984555 28.8770944191 29.4314170642 29.635417064 28.4459045753 28.4445006754 34.5008683645 34.8942695653 34.9267470168 35.4717704476 35.9139580329 37.1072929372 39.8518259055 39.7987336891 39.78685816 40.1158422764 31.8788200986 29.9625602311 30.4750415145 31.7935586125 29.1523257181 28.9733548523 29.5099695514 29.5245590846 35.6684280814 35.3216734276 35.369796035 29.5180761346 29.5225292686 35.4992278627 35.1823903395 35.5310094841 35.3593712788 35.3699931583 35.668985453 60.5964900165 35.843093352 35.5546363225 13.1840139277 13.3104093186 55.5339974537 55.3026465201 54.177470968 55.1858674229 55.394665769 54.9901651068 54.9457044623 55.5743809915 54.8965242467 55.7316267013 55.7635466912 54.5587314171 55.7956919732 54.6654409525 55.8559071596 54.0934968386 54.2746734664 53.8675069831 53.868489971 53.7786305951 49.7926391709 53.6721172163 53.6594376254 53.6594291219 53.336281645 53.5020572946 53.6369691428 49.7042564228 26.1648740195 52.4114342457 52.4122755275 52.1368538381 52.1523659408 52.0205326927 52.0508625782 51.6822177749 51.51475997 51.3167822677 48.5785662754 50.8768638154 50.8417724809 48.6437202302 48.6887526039 48.7099129847 48.8009290857 48.419346107 48.8151354382 47.5905345187 48.8866494006 48.2926726685 50.4108113616 50.4029616591 50.0738285445 50.2752534701 50.1098677414 48.994487244 50.1267700307 48.24512099 8.90857121338 8.62170539999 46.7490433249 46.6964586829 46.2084089733 46.2040800612 46.2034268047 46.5904782095 46.5854265962 46.9924902257 3.34566073357 3.27674602515 2.95671978753 48.5757264202 2.92374536211 48.8585075217 2.48806029085 2.29732306569 8.05149582959 54.7686921754

